"ID_REF"	"GSM2911176"	"GSM2911177"	"GSM2911178"	"GSM2911179"	"GSM2911180"	"GSM2911181"	"GSM2911182"	"GSM2911183"	"GSM2911184"	"GSM2911185"	"GSM2911186"	"GSM2911187"	"GSM2911188"	"GSM2911189"	"GSM2911190"	"GSM2911191"	"GSM2911192"	"GSM2911193"	"GSM2911194"	"GSM2911195"	"GSM2911196"	"GSM2911197"	"GSM2911198"	"GSM2911199"	"GSM2911200"	"GSM2911201"	"GSM2911202"	"GSM2911203"	"GSM2911204"	"GSM2911205"
1	-0.6751199	-1.1215835	-1.1165948	-1.2109593	-1.2257535	-0.21425913	-2.0043595	-0.3685398	0.63319516	-2.0467012	-1.6442307	-1.5396338	-1.6972531	-0.84489566	-1.7780424	-1.3302355	0.14426528	-1.2012655	-1.6838278	-2.063422	-1.9101051	-1.3140571	-1.0545943	-1.2033888	-0.52356154	-0.6045256	0.602773	-0.80108106	-2.1202598	0.4206152
2	-1.6196433	-1.215992	-2.0559273	-0.9866672	0.039338592	-0.96451044	-1.0953025	-0.9784578	-0.59533083	-2.1789014	-0.9266925	-1.5667697	-0.63631165	-0.31647345	-1.5748837	-1.3857461	2.292387	1.9682862	-1.2116144	1.0187334	0.14839093	1.657359	1.428209	1.4304415	0.347507	-0.09256168	-0.40863693	0.25480318	0.36730254	0.97787625
3	0.029981546	-1.6887865	-0.41149333	0.647795	0.32615218	-0.9200991	-0.76696277	-0.96679926	-0.8847002	-0.536794	-0.4171259	-0.913751	-0.7384962	-0.91270137	-1.512694	-0.6622391	0.84936666	-0.38154316	-1.6656315	0.2512134	0.81438804	0.18853119	-0.3494929	0.067186885	-0.014800414	0.10057578	1.3078744	-0.09597964	0.35116875	0.079427585
4	-1.3692492	-0.6476842	-1.1231842	-2.0189066	-0.9775883	0.52917254	-0.40412104	0.17653787	1.0112437	-1.4365034	-0.7946134	-0.70298773	-0.30170852	-0.013628947	-1.2495025	-0.7106172	-1.0918813	-1.4582158	-1.8963641	-1.6234984	-1.6210214	-1.2550825	-1.6307166	-1.9737164	0.13673364	0.02262078	-0.6333735	-0.34808797	-1.3969986	0.29607648
5	-1.2073369	-1.2583591	-2.1311784	-1.8054378	-0.036954414	-0.9064434	-0.7777297	-0.9998395	-0.28440475	-1.7275921	-0.34057122	-1.1200266	0.075485036	-0.6336839	-1.1478393	-1.1611501	3.079274	2.9035995	-1.0040458	1.902433	0.036954414	2.7980187	2.5273209	2.4731927	0.7368561	-0.4682838	-0.75519353	-0.9757885	0.042894047	0.76656455
6	-0.3838422	-1.0656254	-0.919339	-0.66903347	-0.58983433	-0.5729292	-1.2148381	-1.0860642	-1.0613567	-0.82342905	-1.3309911	-1.03554	-0.636964	-0.0097749	-1.037173	-1.0239305	0.22326075	0.32465094	0.68935883	-0.3935648	-0.36643133	0.21169329	0.4256033	-0.14936328	0.92088443	0.511805	-0.74921256	-0.44131947	-0.8554206	2.6868966
7	-1.0926127	-0.63942057	-1.3254154	-0.5801393	-0.5976836	0.11439154	-0.2794596	-0.5263406	0.30008888	-1.3726914	-0.4215843	-0.63918304	0.02635158	0.36014366	-1.0258158	-0.80817705	-0.27322763	-1.0639626	-1.1762607	-1.2582868	-0.98138624	-1.370493	-0.66918504	-0.9159809	0.050575525	-0.40206555	0.1852801	-0.008153285	-1.0650405	0.6024246
8	1.1963047	-1.228613	-0.35090277	-0.44526738	-0.44953528	-1.4166514	-1.2733401	-0.86244786	0.00731502	-1.1446344	-0.8630251	-1.3036962	-0.8332392	-0.5091437	-1.0254058	-0.8456406	0.90995723	-0.4355735	-0.63756126	-1.3277084	-1.1444132	-0.5483651	-0.28890234	-0.43769687	-0.63234353	0.16116634	1.368465	-0.035389077	-0.92846245	-1.4325799
9	-0.71248966	-0.88499165	-0.8395131	-0.14457284	-0.85203826	-0.19464514	-0.54849565	0.04349439	-0.16381744	-0.86759293	-0.58281296	-0.7066448	-0.77544314	-0.5165591	-0.95398486	-0.9450937	0.10689546	-0.4165651	-0.39870343	-0.8668559	-0.80202854	-0.7664679	-0.6467931	-0.6595959	-0.4766286	-0.5534191	1.1679825	-0.37574154	-0.9109736	0.8792734
10	-0.64107436	-0.89876014	-0.6473194	-1.5180243	-0.7079081	-0.54091394	-0.632219	-0.81029934	-0.26149535	-1.2041667	-0.8224239	-1.0268092	-0.7769368	-0.54088503	-0.9438746	-1.0341519	-0.6806296	-0.98208946	-0.30234468	-1.317977	-1.2659183	-1.5682144	-1.4266114	-0.90900147	-0.004044229	-0.22440901	0.46276933	-0.47494447	-1.2592496	-0.6406165
11	-0.96664274	-0.55865234	-1.0017955	-0.32183382	-0.8458434	-0.1163409	-0.39660007	0.14809857	0.4473712	-0.9678836	-0.366054	-0.62493455	0.22305055	0.5477162	-0.7560326	-0.90024376	-0.36592656	-0.8016559	-0.45536098	-1.1330265	-0.8111746	-0.9674214	-0.9017637	-0.84635264	0.21059425	0.023327554	0.09258116	-0.28624877	-0.78452474	0.029456407
12	-0.4042046	-0.35501727	-0.27483	-0.26361823	-0.059157476	-0.20679402	-0.24540927	-0.095899664	0.13007881	-0.34892488	-0.28265327	-0.22223957	0.45609146	0.20877364	-0.6837816	-0.3650634	0.41518056	0.07186916	-0.37983066	0.047090426	-0.65635395	0.09290962	0.32816064	0.62415004	-0.123856634	-0.33361036	0.8736883	0.560561	-0.10185466	-0.057077453
13	2.8183055	0.50140285	2.5468347	-0.5905846	0.011846418	-0.33281848	-0.6024886	-0.49776417	0.20968643	0.90902406	-0.2870912	-0.54297376	-0.37226582	0.22561438	-0.6790918	-0.17444217	1.3760636	1.8656403	2.1356342	1.9338257	-0.3134203	1.593382	0.58486	2.1523407	0.19289018	-0.12423717	0.5340071	0.77527565	1.6826206	-0.7054553
14	-0.2920904	-0.33563477	-0.7335653	0.113360874	0.015497369	-0.29515484	-0.34155124	0.116947174	-0.26162928	-0.13057503	-0.29537788	-0.2784288	-0.4248219	0.018373946	-0.660549	-0.24700278	0.52729475	-0.6240538	-0.055485647	-0.51820785	-0.36488438	-0.76862574	0.026299957	-0.25163496	-0.43146837	-0.22149616	0.9858025	-0.41805157	-0.7143098
15	0.3742518	-1.3445162	-0.06722306	1.1726961	0.5831697	-0.6518869	-0.47634894	-0.4924381	-0.29798833	-0.28509015	-0.14667518	-0.4788571	-0.8778723	-0.4330889	-0.60008365	-0.61148804	1.193637	-0.106460065	-1.103318	0.40173438	1.2138919	0.22421192	0.11675149	0.6754774	0.93347365	0.44484606	1.6521447	0.24829064	0.72880894	1.6330119
16	-0.50289696	-0.89333576	-0.75548494	-0.44325837	-1.0246712	-0.48849872	-0.4749052	-0.5136638	-0.43892375	-0.46090215	-0.50173986	-0.49138454	0.059096675	-0.5683013	-0.5798304	-0.5522469	-0.15527304	-1.1475734	-0.9832092	-0.74672836	-0.5840705	-1.122724	-1.0909262	-1.0128535	-0.07354403	-0.5228126	0.3032347	-0.5963926	-0.8562063	-0.8857345
17	-0.52216595	-0.66085535	-1.0427506	0.31977263	-0.41240644	0.042107984	-0.34484965	0.9571942	0.48512807	-0.63194245	-0.090090305	-0.2852541	1.3861377	0.48864543	-0.49858326	-0.40080932	-0.056311265	-0.53745955	-0.048797656	-0.35188314	-0.5638975	-0.7028124	-0.26234788	-0.3042229	-0.4358035	-0.6236843	0.22533412	-0.28070164	-0.32142398	-1.3346606
18	0.06415193	-0.61293393	-0.6411671	-0.12333929	-0.8480704	-0.6154704	-0.44499466	0.10383494	-0.036161248	-0.77736217	-0.07832387	-0.67823434	-0.26672298	0.20680572	-0.49748725	0.004874533	1.640555	-0.9083282	-0.8927116	-0.8506986	-1.0141809	-0.21212785	-0.6620396	-0.31242192	0.124587506	0.7251518	1.2979026	0.1333073	-0.44538206	-1.2005405
19	-0.6017108	-0.5360808	-0.67968875	0.12668207	-0.45512548	-0.358066	-0.23320657	-0.3054501	0.14441141	-0.60135704	-0.57328326	-0.4958048	-0.21016525	0.17632166	-0.44960397	-0.002369019	0.21767433	-0.5297853	-0.41703287	-0.5581756	-0.8210231	-0.79232997	-0.31468394	-0.19248086	-0.20011021	0.41016442	0.67618203	-0.2095412	0.036555592	0.16892159
20	-0.53538364	0.003707685	-0.08596832	-0.61289525	0.046507843	-0.82176137	-0.6982722	-0.7529842	-0.8721208	-0.003707685	-0.6073311	-0.009344062	-0.91599846	-0.7216081	-0.42875716	-0.44209382	0.4089702	0.19581947	-1.0392649	0.44316053	-0.32461673	-0.17034906	0.02990574	-0.083232775	-0.1481047	0.46855432	0.10518982	-0.4804807	-0.74845076	-0.0713441
21	-1.3667514	-0.1971347	-0.45815653	-0.55154824	-0.21928835	0.18999411	-0.15592459	0.69186014	0.46982923	-1.4978409	0.06790389	-0.73140806	0.17193219	0.13151905	-0.41062728	-0.41831687	-0.5473663	-1.1687813	-1.2706717	-1.1911602	-0.65477645	-0.5409254	-0.88070226	-1.113437	0.19707228	-0.8844261	-0.08885861	-0.61279833	-0.033485003	0.17903641
22	-0.28313312	-0.34254262	-0.31538022	-0.8263513	-0.399799	0.06554619	-0.38244957	-0.014876931	-0.27109134	-0.50796694	0.05734782	-0.23309956	-0.33938667	-0.21240067	-0.39943177	-0.26674598	-0.40534034	-0.29114503	0.5150793	-0.29317248	-0.19857642	-0.15748045	-0.4122788	-0.331671	-0.035393957	-0.28410184	-0.46154597	-0.033959758	-0.1396012	-1.1679906
23	0.1239546	-0.4129234	-0.3175203	-0.2613585	-0.08508253	-0.4024545	-0.2550952	-0.093774796	0.098485865	-0.23984116	-0.16732024	-0.52762216	-0.1945899	-0.03841536	-0.3902376	-0.072905876	0.94333977	0.41241303	-0.15587825	0.004430268	-0.4766349	0.7949156	1.1492865	0.4661567	0.40947908	0.33477995	1.4018475	-0.002006579	-0.002680436	-1.0480181
24	-0.9361093	-0.115059786	0.055668235	-0.2716373	0.19673996	0.11861208	-0.054355297	1.100042	0.32676613	-1.3328682	-0.329951	-0.3603112	0.3126463	0.38347867	-0.36389387	-0.12334941	-0.39272425	-0.47879007	0.35367492	-1.1587509	-0.60085773	-1.0115805	-0.5898823	-0.5900458	0.016047874	0.5879643	-0.40179843	0.12648891	-0.17986028	1.3084527
25	-1.3572397	-0.62458485	-1.4134817	-1.4944311	-0.6637845	-0.15459937	-0.22802362	0.38242692	-0.04825178	-1.301351	-0.054205786	-0.49814716	-0.46179432	-0.48035127	-0.35164592	-0.47302827	-0.5378546	-1.0121105	-0.45826456	-0.9920753	-0.72721857	-0.51924	-1.1809474	-1.1897572	-0.09057711	-0.56772006	-0.07934689	-0.5156297	-0.783274	1.1318619
26	-0.60182744	-0.15458345	-0.46996143	-0.24698289	0.001334405	-0.12863924	-0.3397419	0.12169649	0.66874254	-0.53192306	-0.1977807	-0.31600317	-0.013394605	0.13883826	-0.3223625	-0.26655236	-0.2799754	0.043990314	-0.13813856	-0.30723023	0.106776804	-0.25642115	-0.5591792	-0.61972266	-0.033138428	-0.01282493	-0.27863804	0.15538682	-0.21237664	1.0560039
27	-0.12273315	-0.05133722	0.05830006	-0.49875337	-0.05104538	-0.026128164	0.23905261	0.64198095	0.15349971	0.19331269	0.20059654	-0.08291938	-0.40092745	0.3364958	-0.2868964	-0.081670135	-0.11598485	0.17431423	-0.15611118	-0.024709139	0.09071661	0.15599506	0.26539576	-0.061283913	-0.07253206	-0.06703886	-0.033290572	0.19725256	0.11580972	0.21873368
28	0.20691067	-0.1658472	0.12754568	0.090327986	0.07464078	-0.018482087	0.007785395	0.16627403	-0.15206744	-0.16982484	0.01416803	-0.28729028	0.15359186	-0.14222588	-0.28538823	-0.007785395	0.5123065	0.46588406	0.19913317	0.35511938	0.2646373	0.07698315	1.0338253	0.95008594	0.074774414	-0.14243034	0.3239352	0.13095756	0.14807501
29	-0.17813723	-0.1524161	0.022628337	0.08427859	-0.4270166	-0.08164021	-0.20352715	-0.08727355	0.0704906	-0.11106678	-0.21244359	-0.05949908	0.0044023	0.036075845	-0.27849317	-0.2878664	-0.39546385	-0.27074742	0.28326383	-0.11224456	-0.23860261	-0.6472305	-0.4261224	0.1465568	0.052192718	0.15797754	0.06304386	0.19994883	-0.3392717	0.5902545
30	-0.32276967	-0.10905086	0.14286408	-0.6533919	-0.12030486	0.22752897	0.002639837	0.103829466	0.15775248	0.046529785	0.56680256	-0.0824765	0.06605201	0.21952096	-0.26787132	-0.2969366	0.31386057	0.23590407	1.8671502	0.2387527	0.34589118	0.026475593	-0.002639837	0.35416287	-0.5013719	-0.43493035	0.77236825	0.32575625	0.9430013	-0.004724469
31	0.8297053	-0.33093628	0.5282154	0.5726944	0.26488054	0.20319082	-0.10406912	-0.18390545	1.71017	-0.025860852	-0.026833301	-0.15995069	0.19913708	2.1737077	-0.26324028	0.30176926	-0.34670648	-0.25399172	0.282525	0.10940695	-0.21003264	-0.4169448	-0.28342447	0.17254876	-0.044491664	-0.15776043	0.11180125	0.16225348	1.9792545	0.20294428
32	1.1287364	0.24934302	0.87905556	0.86574125	0.1258846	-0.3244979	0.048020754	0.055813752	-0.048020754	-0.34468865	-0.4053846	-0.1713087	-0.32823116	-0.34653714	-0.2548447	-0.39906543	1.5811349	0.7142687	-0.08627448	-0.06348815	0.06500514	0.5687382	0.73343176	0.4779574	-0.10515612	1.2692051	1.6230524	1.1935307	0.105261914	-0.59131
33	0.56056356	0.04376142	-0.25011244	1.1688837	-0.24724603	-0.042200647	-0.042435143	0.122143105	-0.10586608	-0.25050044	-0.10298726	-0.08242862	0.07715106	-0.3668622	-0.23861624	0.002501881	0.20400146	-0.10380889	0.5575834	-0.32620475	-0.7476493	-0.8952774	-0.5482653	0.20629393	0.12820178	-0.54478943	0.66250914	-0.107129596	0.22438736	-0.00763622
34	0.25046536	-0.06279179	0.07470946	0.2721618	-0.3705624	0.036634747	-0.046042364	0.024759054	-0.03545578	0.10274999	-0.15442388	-0.32613957	-0.1623644	0.03657931	-0.22053528	-0.1274561	-0.36894107	0.019105218	0.1535187	0.014750081	0.075090736	-0.103687175	-0.19967276	-0.3260628	-0.01830758	-0.20557101	-0.7573974	-0.13302186	-0.20170586
35	-0.011154746	-0.29116583	-0.07236023	-0.22102584	0.31825656	0.92849535	-0.09574549	0.42176694	0.020141028	-0.16146344	-0.09604823	-0.13098247	0.22339794	0.43207708	-0.21882802	0.1559571	0.3946994	0.16346702	0.6183106	-0.18698297	0.3291508	-0.082159944	0.0991755	0.015619579	0.042305406	0.8622784	-0.08943827	0.2619665	-0.05757392	-0.4177787
36	-0.086633556	0.13900265	-0.008463342	0.727826	0.16925636	0.38310158	-0.050881494	0.32190716	0.40592876	-0.015078188	0.085463814	-0.001247861	-0.031538628	0.07162284	-0.21221218	-0.001390477	0.001247861	0.20412652	0.24542676	-0.011785329	0.24930502	0.1919831	0.2180732	0.14465359	-0.017822012	-0.44129193	0.45975557	-0.02886166	-0.11709489	0.25512606
37	0.80181754	0.004136116	0.56341606	0.45873645	0.28071856	-0.25958252	-0.16447492	-0.20391427	-0.36160076	0.45085433	-0.19566837	-0.014323971	-0.3974495	-0.15882502	-0.19393255	0.056764908	-0.37154394	-0.0738492	0.11835228	0.06954671	0.007705774	-0.6767469	-0.24944928	0.11932705	-0.3430692	0.23615699	0.086963765	0.51941895	-0.05012735	-0.01400636
38	-0.6085973	-0.43597946	-0.40902218	-0.8081745	-0.05073849	-0.001117095	-0.1719025	0.097306326	-1.00E-03	-0.7319672	-0.07218108	1.00E-03	-0.041083135	-0.37582305	-0.18870838	-0.44516563	0.14155082	0.09280134	0.12866138	-0.23914158	-0.27697396	0.058261566	0.2653135	0.33503518	-0.19361083	0.05779806	-0.16384105	-0.20724589	-0.014604961	0.08554358
39	-0.020917866	0.010785947	-0.3913073	0.45398244	0.2354551	0.713893	-0.061918583	-0.020331843	0.046055604	0.08724815	-0.31211552	-0.06432536	0.7028038	0.910201	-0.17373946	-0.17502703	-0.30799863	-0.7683139	0.16515052	-0.2374752	-0.2042784	-0.980507	-0.5336718	-0.013331558	-0.09042922	-0.36655685	0.15050909	0.029751405	0.22538503	0.017789572
40	0.26217	0.21742727	0.31593406	0.54934144	0.013814991	0.17908667	-0.19465877	-0.21689409	-0.46906766	0.3128295	-0.14729753	-0.02828382	-0.09621155	0.13310844	-0.16686709	-0.17625834	-0.39890352	0.008523336	-0.00624184	0.21773438	0.37598696	-0.21686588	0.25359175	0.09351908	-0.35874012	0.21866232	-0.00849796	0.4134209	0.24443702	-0.02920366
41	0.22438778	0.03993687	0.12784086	0.39149636	-0.67347026	0.05002305	0.009114447	0.075680114	-0.023353182	0.11639827	-0.14350456	0.004509854	-0.34972864	-0.14650975	-0.1564421	-0.17894928	-0.98286515	-0.43286806	-0.12665856	-0.25027058	-0.31504792	-0.7061094	-0.7856829	-0.8358668	0.17638236	0.041713066	-0.52435744	0.024195803	-0.12663618	0.093154006
42	-0.8717558	-0.7063108	-0.9489572	-1.5285251	-1.3216751	-0.8142148	0.07915072	-0.9351916	-0.5465293	-1.0542891	-0.20639934	-0.2154796	0.9215335	-0.6430121	-0.15213543	-0.21042426	-0.17330049	-0.7548376	-0.6931871	-1.0064623	-0.85109174	-0.7648484	-0.94142514	-1.0954785	1.4377756	-0.67197645	0.28520724	-0.8348479	-0.56963104	-1.375017
43	0.20943257	-0.037528537	0.5004416	0.65708953	0.97688216	0.002401095	-0.22491123	-0.1301714	0.33906284	0.030112866	0.052857503	-0.05783667	0.4531378	0.043537155	-0.14956775	0.2768347	0.24864379	0.6311562	0.2632334	0.36651	0.37388167	0.21340722	0.14448282	0.36918795	-0.3856909	0.07923391	-0.13363975	-0.07003944	0.40599522	-0.041651774
44	0.30790186	-0.17082612	-0.08134498	-0.019438863	-0.21828859	-0.39252558	-0.16028246	-0.26782125	-0.31795967	0.18405095	-0.11723368	-0.22471471	-0.41209668	-0.101647615	-0.14867589	-0.13087143	-0.002300027	0.2700828	-0.07058426	0.05380548	0.12009765	0.19999735	0.21678704	-0.12788348	-0.29362652	0.6918719	-0.12055224	-0.23395978	-0.18578692	0.02009784
45	-0.93103486	-0.32046053	-0.94254327	0.08567921	-0.28123084	0.56485796	0.30587184	1.5122836	0.90081775	-1.0165843	0.53886956	0.18970007	0.7291729	0.30345383	-0.14803849	0.051366106	-0.81270456	-1.0839117	0.32058677	-0.46419927	-0.6548943	-0.6885623	-1.0312808	-1.1684929	-0.20003532	-0.9758132	-0.35419685	-1.0681598	0.16447295	-1.06377
46	-0.1528833	-0.38973048	-0.23905845	-0.34668812	-0.20123109	-0.5730224	-0.42664567	-0.41043788	-0.5241008	-0.36384985	-0.41346145	-0.2629979	-0.018074585	-0.49343452	-0.14324892	-0.22022672	0.0933738	0.1159668	-0.5092187	-0.32433748	-0.06303899	0.15807523	0.32101157	-0.08380053	0.4853497	0.03043895	1.7846261	0.13562	-0.29789257	-0.08464891
47	-1.9243054	0.06754226	-0.5996149	-2.307598	-0.55755997	0.057275016	0.5427112	0.56799245	1.0553882	-1.3471357	0.18501125	0.15269023	0.68922436	0.09594619	-0.14167996	0.058336668	-1.1049203	-2.4504511	-1.9839746	-1.2495589	-2.2147095	-0.97812974	-1.009462	-1.8610551	0.8848794	0.186605	-0.64641255	-0.28845903	-0.4630011	-0.44005877
48	0.2791884	-0.79227144	-0.3682977	-1.0515525	0.026869977	-0.18238533	-0.09241714	0.13432127	-0.095560946	-0.12615189	-0.069811694	-0.21029453	0.3311917	0.67952037	-0.12822941	0.7931057	-0.0552791	-0.22937298	0.0951348	-0.474327	-0.5186372	0.014355895	0.18065281	0.06565454	0.002881485	0.24638197	0.6983729	-0.24239793	-0.07225464	-0.21600632
49	-0.8869857	-0.6431768	-0.83339375	-1.4228252	-1.3442454	-1.0005757	0.006783019	-1.0251198	-0.4902223	-1.3997704	-0.39747185	-0.041148037	1.1989799	-0.89314234	-0.120233245	-0.34655958	-0.06760056	-1.2461206	-1.9207921	-1.4637638	-1.7603616	-1.4034823	-1.2383207	-1.4152547	0.68717533	-0.81639147	0.39090717	-0.8382467	-0.98979646	-1.598974
50	1.3927515	-0.19505975	0.40857488	0.106742814	-0.14231098	-0.009626528	-0.33665112	-0.18788178	-0.2608935	0.29095984	0.19577174	-0.26477587	-0.6286888	-0.3521642	-0.11009037	0.0427459	1.2047269	0.072040126	-0.013088136	0.15363413	0.24459985	0.1340121	0.5640387	0.7465816	-0.51893824	0.41596562	0.1082334	0.6839926	-0.058812443	-0.066501305
51	0.48646057	0.073148385	-0.24710912	-0.09712239	-0.26195174	-0.3063919	-0.26587576	-0.22565867	-0.26424706	0.22038253	-0.053906567	-0.07071802	-0.39447954	-0.15402862	-0.10933534	0.039956573	-0.37968707	0.0721723	0.33608615	0.1512727	0.43942025	-0.002907935	-0.11597338	-0.08306654	2.854198	1.0905674	0.07882066	-0.21928388	1.64885	0.46513885
52	-0.10868726	0.53263444	0.97657704	0.7221909	2.972119	2.2950463	0.16893095	0.48289555	3.392491	0.23035342	0.9627601	0.008296444	2.9147758	3.3236945	-0.10921552	2.2436519	0.071360685	-0.47483313	-0.19844118	-0.08062332	-0.3541599	-0.8954031	0.035917964	0.07362772	-0.50700146	-0.3433908	0.35083905	0.09947759	2.2267385	0.174406
53	2.487979	-0.07110221	0.47111103	0.2987555	-0.032537412	0.23190019	-0.09185615	-0.28002822	-0.21648276	0.29768127	0.31263974	-0.085178204	0.30411005	-0.32423696	-0.09975464	0.26499426	1.8523487	1.4422175	-0.0787103	0.32298264	0.4466679	0.4161493	1.7735219	0.93893605	0.3663882	1.0831562	0.16870128	1.046646	-0.16622448	-0.5408489
54	-1.2200046	0.003060659	-0.40828812	-1.0743576	-0.2427615	-0.34837925	-0.24649677	-0.09259751	0.09590201	-0.9422306	-0.45955282	-0.2862147	-0.16743298	-0.025095724	-0.099299654	-0.45940876	-0.44912	-0.4814697	-1.1021593	-0.60517585	-1.1944827	-0.8297271	-0.6398441	-0.8886825	0.2352166	0.13014404	0.009387732	-0.24660482	-0.5664178	0.046198983
55	-0.3744608	0.020481318	0.69082373	-0.12827027	-0.2396367	-0.08972946	0.32299516	0.18871081	-0.006981675	-0.007775032	-0.06117322	-0.1920168	-0.296778	-0.18179202	-0.086638056	-0.3599266	-0.1382092	-0.103689	0.14166234	-0.3045158	-0.23161374	-0.9282306	-0.00820879	-0.0993794	-0.05594394	0.27966407	0.15339307	0.21663508	0.001572004	-0.30718195
56	-0.05952167	-0.17255123	-0.37619886	-0.58178544	0.0472394	0.13899672	-0.18346411	0.3803654	0.34732005	0.042623267	-0.061656803	-0.11286932	-0.096767716	-0.11834487	-0.07145007	-0.27659178	-1.0287158	-0.12082237	-0.13734192	0.19450782	-0.1000244	0.29659316	-0.50958455	-0.22122523	0.007934717	-0.13904542	-0.57020813	-0.49644226	-0.21756789	0.84501255
57	-0.015534435	-0.110476084	-0.25875655	-0.7396534	0.042561557	-0.13631563	-0.32873312	-0.104071684	-0.20859113	0.32828492	-0.016973855	0.037281904	-0.18292715	0.23057525	-0.059618253	0.058873784	-0.6317561	-0.3074759	3.5433958	0.08886152	0.12333036	-0.6071754	-0.34852758	-0.03642943	-0.14063108	-0.37018088	-0.4515114	-0.33605304	1.4047813	0.7126945
58	-0.16860455	0.26366493	-0.11234356	0.5369222	0.824506	0.30810323	-0.018003536	0.006328375	0.6282698	-0.4953982	0.14333443	-0.15046464	0.821404	1.0093534	-0.0578027	0.043293867	-0.43964744	-0.006637252	0.07697645	-0.3515468	-0.24591888	-0.10021888	0.00606283	0.17550258	0.08335852	0.24613437	0.018860284	-0.34601393	0.8406813	0.69413036
59	-0.54001725	-0.2664247	-0.5996722	-0.16934296	0.21617493	-0.34941295	-0.2884747	0.5547357	0.1117483	-0.805151	-0.095838726	-0.47031498	0.06394646	-0.256147	-0.052335005	-0.215057	0.7634092	0.084734604	-0.4477947	-0.09316929	-0.14489882	0.47102243	0.057117514	-0.24595533	0.6139922	-0.469423	0.73787564	-0.4513616	0.34764415	-0.43496272
60	0.603205	-0.17050502	0.47626343	0.19525191	-0.16641016	-0.058546267	0.12574795	-0.10256526	-0.24242169	0.20032729	0.040267967	-0.008488447	-0.24601759	-0.13314584	-0.044858966	0.16483133	-0.321631	0.36961463	0.13081197	-0.004804551	0.16282779	0.16280113	0.37176704	0.045245808	-0.18160444	0.046564907	0.13687672	-0.22985062	0.12237731	-0.13549487
61	-0.517768	-0.29519197	-0.27556014	-0.2657204	-0.12931359	0.61306167	-0.032785054	0.24246046	0.16073918	-0.00388677	-0.013020295	0.11747982	0.1691441	0.2638561	-0.04271736	0.061623663	-0.39066893	-0.63244003	-0.30666605	-0.4299063	-0.19596694	-0.7473835	-0.48969918	-0.30951712	0.19848561	-0.0808926	-0.17903048	-0.09868212	-0.33555257	-3.4387436
62	-0.11161083	-0.09765452	-0.02661628	1.2913033	-0.18516186	0.3092087	0.052805442	0.23493621	0.0597944	0.15583886	0.14798361	0.19992031	-0.19894053	-0.08628337	-0.039887004	-0.17225112	-0.3141757	-0.05768815	0.049959026	0.04568814	0.22520311	-0.2038968	-0.055230077	-0.17835025	0.004822907	-0.17275672	-0.161736	-0.18805097	0.011099866
63	0.23262113	0.043303195	0.47329462	0.004518269	-0.3038158	-0.058958977	-0.07984973	-0.20006888	-0.26875374	0.42056772	-0.19419329	0.14251551	-0.40531138	-0.11714591	-0.029715396	-0.06706453	-0.77066624	0.07761232	0.3546176	0.21264191	0.34343874	-0.7288001	-0.97649485	0.013353024	-0.089989536	-0.052716114	-0.31215852	-0.44018325	-0.004518269	0.4265901
64	0.55066836	0.020076899	0.33439255	0.06361712	0.26330647	0.5037909	-0.04882801	0.13424155	-0.04399159	0.2665962	0.2678215	0.119215034	0.3251432	-0.015220376	-0.026747951	0.18640535	0.40795434	-0.032849006	0.27858996	0.3298237	0.21204051	-0.012666726	0.31677058	0.5456711	-0.028962743	0.4982282	-0.034602292	0.35638887	-0.007229804	0.0461148
65	-0.028787622	-0.001322138	0.31924716	0.32292047	-0.10770272	-0.08999717	-0.21370043	-0.04754481	0.050651822	0.5242756	-0.0986118	-0.08772107	0.05698624	0.13763918	-0.026635895	-0.10101913	0.090116456	-0.006710472	0.27986583	0.079035684	-0.28532976	-0.24194333	-0.04462785	0.16891709	-0.037459925	-0.03545549	0.36882845	0.3814948	-0.09890744	0.04350703
66	0.4711677	0.0957596	0.35832214	0.22235599	-0.16061726	0.16339706	-0.008701734	0.5012761	0.37561896	0.090214305	-0.033846837	0.04540765	0.106726296	-0.037109684	-0.02312183	-0.05407168	-0.35302138	-0.03850842	0.1849527	-0.07906295	0.14155406	-0.20376836	-0.15093665	0.15523405	-0.05366797	-0.2549759	0.10548634	-0.001268275	0.15349168	-1.0157559
67	-0.44818035	0.016615614	-0.3304492	-0.8707397	-0.30838728	0.053994555	-0.006848658	0.03485747	0.15889375	0.006848658	-0.20659097	-0.2182657	-0.43663207	-0.19181874	-0.01595834	-0.08084363	0.09455799	-0.2330712	-0.02418299	-0.04857749	-0.3317433	-0.73762935	0.045722496	-0.15820818	-0.1029902	-0.31627855	0.5530657	-0.108884715	0.17823166	0.31581134
68	0.4478748	-0.033630237	0.25740835	0.27050748	-1.3823553	-0.11846836	-0.17646778	-0.22194272	-0.2563779	0.2873595	-0.15419199	-0.10228694	-0.32742807	-0.05560624	-0.01382552	0.017301736	-1.2161859	-1.6926289	-0.22476393	-0.93491524	-0.40160435	-2.3189332	-2.1699996	-1.5620946	0.3770483	-0.02009413	-0.7576782	0.20613824	-0.13783295	0.053035438
69	0.6869619	0.03372338	0.39673293	0.20617834	-0.4015101	-0.053251024	-0.13161305	-0.11421492	-0.15226182	0.47443855	0.31286368	0.13523026	0.13361807	-0.11747754	-7.48E-04	0.2243793	-0.7666416	-0.23057158	0.13181819	0.114110164	0.0804873	-0.3500168	-0.17327435	-0.1920271	-0.17134339	0.11825626	-0.3081339	0.07030991	0.040845223	0.18865444
70	-1.6354803	0.21965864	-1.0567843	-0.124553084	0.9329498	0.60534984	-0.004008848	0.1704563	2.6489167	-1.2683125	0.7125959	-0.83035994	0.7487535	1.1198545	-3.85E-04	0.18463576	-0.46473014	-0.941168	-1.8943357	-0.6922128	-1.6871234	0.114477985	-0.43118224	-0.927512	0.20951489	0.34450072	-0.79866713	-0.786535	1.2680119	1.3622131
71	-0.07177654	0.058996588	-0.07189052	0.10261721	0.011257512	-0.25209153	-0.264344	-0.14545086	-0.26782647	0.29569018	-0.32617164	0.15817945	-0.15848604	0.24915867	0.010939388	-0.21190785	0.47744218	0.32965344	-0.47497717	0.23233093	-0.0443363	-0.2310609	0.019411225	0.015730662	-0.43945053	-0.27218267	0.3992284	-0.08391687	-0.23714414	-0.4109631
72	0.3758662	-0.13024747	0.042330526	0.07074977	-0.4566769	-0.040321752	-0.1195174	0.19173469	0.03354566	0.0633434	-0.11879428	-0.0579454	-0.1838563	-0.34298754	0.024380349	-0.15742551	-0.6271523	-0.11445267	0.17322835	-0.07626391	-0.20481896	-0.2996922	-0.7854293	-0.3073053	0.011519164	-0.05787772	-0.16864459	0.16336845	-0.007024822	-0.0920026
73	-0.29913813	0.082762875	0.05265931	0.0911076	0.14228748	0.082190976	-0.10849355	0.2262466	-0.20756356	0.11018208	-0.056672562	0.059239183	-0.52714103	-0.37965482	0.024563715	-0.15988354	0.74894863	0.31281894	-0.00779887	0.40011665	-0.22066814	0.0982008	-0.047108214	0.22757936	-0.43127388	-0.21679096	0.042736694	-0.20926169	0.42787883
74	0.23635453	-0.034732267	0.03988835	0.15437683	-0.20279825	-0.099529795	0.007455805	-0.026202317	0.072502285	0.19712569	-0.16924034	0.00727013	-0.20903262	-0.15348996	0.031647153	-0.17905633	-0.4854847	0.017069386	-0.12739545	-0.014244317	0.15935743	-0.12342406	0.3228273	-0.13882224	0.089122534	0.001902813	-0.026976964	0.022736952	-0.16475023	0.28244612
75	1.7015373	-0.29277682	0.1308871	0.23088187	-0.053275187	0.08608107	-0.00126593	-0.36132732	0.12459157	0.16680084	0.27508038	0.19227955	-0.24573542	-0.011059867	0.032043133	0.14292264	1.3122375	-0.03606283	-0.75103325	0.19398063	-0.028407138	-0.06008706	1.2618657	0.7256142	0.033345908	0.7767757	0.25976786	0.64325917	0.14706081	-0.91208285
76	0.34160593	-0.048455786	0.3170418	0.3835506	0.048094127	0.06118841	-0.008493976	0.04229647	-0.033778325	0.21015207	0.031445842	0.028175656	-0.071405075	-0.25272968	0.033614065	-0.13824391	-0.20992362	0.27877188	0.07484789	0.17870624	0.2501545	-0.07594244	0.010126289	0.021469506	0.07159898	0.044903163	-0.48704812	0.067675605	0.2123626	-0.5484579
77	-1.5063324	0.12335158	-0.48205203	-2.9354515	0.21209821	1.2580017	1.1989704	0.96160364	1.367876	-0.8837804	0.7534434	0.5300349	1.4170442	1.2436644	0.035260506	0.6407657	-1.5562716	-1.7595025	-2.2599247	-1.5125345	-1.6000123	-1.3851584	-1.6205688	-2.0449576	1.6798415	-0.62072724	-1.2061782	0.2615887	-1.2633204	0.6349756
78	0.65793204	0.08166887	0.27680665	0.5932502	-0.0323896	-0.14130855	-0.070059	-0.019846229	-0.12413886	0.26050475	-0.028867248	0.07145928	-0.28440243	-0.3412841	0.036030266	0.048537478	-0.27554956	0.124132894	0.35750103	0.2518662	0.05515122	-0.05552134	-0.30767414	-0.19472337	0.08902151	-0.15165783	0.18295816	0.05650976	0.029364282	0.007661704
79	1.0125388	0.12602383	0.71075004	0.80175424	-0.17665693	0.004896335	-0.08685995	-0.042318042	-0.005151554	0.4253368	-0.102866545	0.10488495	-0.19997014	-0.17677735	0.03722193	-0.041504905	-0.359186	0.38601238	0.48468933	0.42558277	0.27699253	-0.12788	0.22586043	0.30482614	0.08070485	-0.092646755	0.09932173	0.33260438	0.19524045	0.081896536
80	0.43375784	0.04745349	0.17123526	0.3524804	-0.1009566	-0.317597	-0.15413234	-0.2180581	-0.006198931	0.032146864	-0.36258805	0.112443835	-0.0756282	-0.39234626	0.03879222	0.062012423	-0.12996478	-0.5598281	0.13949788	-0.3450938	-0.35016102	-0.28562593	-0.41453743	-0.3859215	-0.31732342	-0.048517987	0.32854295	-0.23314099	0.18275538	0.001007606
81	-1.3423619	0.17270783	-0.52410036	-1.7895279	0.11582322	0.2050975	0.14126763	0.7372949	0.581015	-1.022216	0.1913701	0.008607797	0.5474597	0.3310022	0.042837456	-0.15848428	-0.22290465	-0.85212344	0.002876523	-0.7651255	-0.5439798	-0.25121397	-0.59548855	-0.58485866	0.22039515	0.7928632	-0.17425072	0.2102087	0.25769517	0.7717031
82	-2.1254	-0.09349086	-2.3937125	-2.5972514	0.10400536	-0.91753477	-0.43040353	-0.76455045	-1.276908	-0.8276558	0.29174304	-1.3070215	-2.3101816	-1.7396051	0.051272623	-0.35954946	1.7807897	0.92317545	2.7465768	0.9638927	0.6937373	0.8498752	0.9084678	1.2639235	0.71312445	0.40196645	-1.3161522	1.8493266	3.2305315	3.0917459
83	-0.7783819	-0.13812609	-0.08262104	0.023781106	-0.034980033	0.23469637	0.08777398	0.061041117	-0.14293906	0.09682336	0.28419176	0.2576643	0.41892263	0.026973363	0.052539375	0.08931347	-0.29989132	0.38129237	-0.13226123	0.061443087	0.36607885	-0.16450441	0.22172838	0.15672462	-0.15629908	0.206353	0.15861641	-0.19217987	0.063212454	0.08759924
84	0.47665897	0.05756017	0.27444598	0.37722445	-0.005270972	-0.17482318	0.14659517	-0.18756896	0.6314914	0.2166358	0.20601304	0.17300284	-0.23813292	-0.09901173	0.056092344	0.022106994	-0.42936248	0.9521793	0.29696763	0.39941105	0.13653736	0.36015785	0.15363628	0.09747907	0.80042756	-0.10826016	0.029145246	0.11659854	0.116391964	-0.19765432
85	-0.8124112	0.24974987	-0.4008348	-1.0668911	-0.3529809	-0.34012663	0.34973606	-0.85326695	-1.1620203	-0.28304613	-0.27198687	-0.38037217	-0.12079915	-0.044782955	0.05693906	-0.03080506	-0.3643915	-0.4768776	-1.1450758	-0.6323543	-0.5375543	-0.6749679	-0.60627997	-0.7319023	-1.0585558	0.01920585	0.0941162	-0.19416821	-0.025408417	0.02043828
86	-0.06236171	-0.37250146	-0.45201713	0.2966254	0.46238887	-0.26144698	0.21373259	-0.01770827	-0.19769633	-0.123835094	-0.24394432	-0.35957685	-0.09216282	-0.007849422	0.060322158	-0.098934695	0.75702345	0.81554264	-0.04689402	0.84399873	-0.10026261	1.614248	1.7206657	0.64975935	0.09009745	0.008232529	1.2155311	-0.18832289	0.7150474	-0.4734373
87	-1.1880207	0.042937856	-0.56176347	-0.82144666	-0.106365405	0.4600064	0.17059307	0.16708066	0.15785374	-1.3484964	0.014531984	0.10000784	0.40970477	0.37066254	0.061392795	-0.4484124	-0.36863562	-0.68291056	-0.006319111	-0.85139227	-0.6038228	-0.29064393	-0.74404776	-0.8993763	-0.17786491	-0.58126193	0.08987211	-0.5039942	0.10529718	1.6578182
88	0.87926817	0.31409127	0.08985813	-0.27724335	0.41972917	0.5268575	0.34825346	0.7018188	0.58652234	-0.24412993	0.31257683	0.12565236	0.30834833	0.3547165	0.08192374	0.06594458	1.2692302	-0.10095644	0.37561798	-0.08579135	0.23992036	0.13499925	0.14801067	0.44773027	-0.36360228	0.58159035	0.00502886	0.32646722	0.3772545	0.6101536
89	0.27604267	0.07232679	0.17774475	0.43808252	-0.17075849	-0.041169707	-0.114047386	-8.28E-04	-0.29923347	0.5249878	-0.09811817	0.05361629	-0.036407243	0.46552172	0.0827552	0.02992455	-0.43029264	0.42631784	0.17155175	0.37823796	0.34648472	0.06334716	0.044379465	-0.028152674	-0.56606615	-0.17307618	0.028215086	-0.015318019	0.0770639	0.65773845
90	-0.3984472	-0.347607	-0.37155172	0.36151212	-0.34376386	0.0749734	-0.14507635	-0.22465943	-0.3407685	-0.2771879	0.11983126	-0.08083611	-0.15113495	-0.65322	0.08548358	-0.33416638	-0.02344615	-0.11642465	-0.13276677	-0.06111359	-0.25760102	-0.117368065	-0.2034715	-0.32510665	0.7814316	-0.14688864	0.003403663	0.06602656	0.11763095	1.7162822
91	0.7439806	-0.06952089	-0.42893916	-0.8564743	0.08796988	-0.14277267	-0.27301976	0.5246608	0.41143042	0.06233379	-0.12960935	-0.008923665	0.040338885	-0.197803	0.08568726	-0.29121667	0.6247754	0.17929979	0.48008007	0.31592643	-0.42186195	1.0222222	-0.0887638	0.24294613	-0.27131543	-0.9085822	0.35583577	-0.032557424	-0.16704491	-0.05300247
92	0.59902585	0.003255855	0.3849341	0.3187654	0.10140092	-0.00946699	0.09525468	0.12973392	0.2297695	0.51052105	0.066924006	0.09216073	0.1863498	0.025596334	0.107216366	0.23498538	-0.027113248	0.5675523	-0.01663865	0.396402	0.48659942	0.11880687	0.34272915	0.4155923	-0.18345945	-0.13230686	-0.38064995	-0.16585596	-0.15227875	0.43730173
93	0.37215745	0.1794195	0.29272184	0.4054497	0.41818193	-0.185316	-0.16447179	-0.31489745	-0.3900286	0.20354196	-0.27517834	0.048211	0.003338971	0.57332075	0.11161527	0.17100684	0.07916586	0.43710124	-0.18610807	0.12454158	0.16001897	0.17143062	0.16899382	0.07291352	-0.4951831	0.010191811	-0.7319903	0.047310144	-0.045530252	0.289947
94	0.34560984	0.2423862	0.49513763	0.40398365	0.32165787	-0.036468215	-0.17742625	-0.006925072	-0.08757905	0.42369342	-0.19073719	0.2562957	0.07989815	0.23921259	0.11902495	-0.18614037	0.39452785	0.52692103	0.23690307	0.48689762	0.4186302	0.33172682	0.41924855	0.31588256	-0.12317097	0.34211254	0.06255909	-0.039035883	0.039308526	0.41601887
95	0.55292624	-0.03645895	0.4853849	3.9239993	-0.108201295	-0.052428775	-0.020134376	0.005155987	-0.001639687	0.39552537	0.008586711	0.11349303	-0.33423233	-0.02211462	0.12429262	0.03693731	-0.4052891	0.08293607	0.03819569	0.3491295	0.20822424	-0.26690313	0.026926704	0.12403468	-0.2575895	0.21756023	0.053218596	-0.002847592	0.080142036	0.2752726
96	0.53389513	-0.024670469	0.10236176	-0.02535354	0.21490744	-0.010666572	-0.009526598	0.26272216	-0.050502013	0.19522639	0.15081544	-0.001929533	-0.2487386	-0.100334615	0.13384616	0.08702504	-0.46960917	0.09274634	0.20109573	0.051991258	0.081548914	0.12816118	0.08497789	-0.009632183	0.030659491	0.09595162	-0.07991972	0.07183479	0.15434547	0.090531215
97	-0.06578009	0.086337894	-0.1394754	-0.74123496	0.11469679	-0.008546025	-0.036132593	0.7056638	1.410256	0.35808396	0.2710578	-0.015351915	-0.047366295	-0.007762188	0.1364143	-0.25242996	-0.3424438	0.60746646	0.052304156	0.2618785	1.0008991	0.53229076	0.09982142	-0.33823884	0.09688543	-0.069984734	0.11606393	-0.16791323	0.094010115	-0.6909598
98	0.2786758	0.019158987	-0.004152384	-0.013597333	-0.3202559	0.10069689	0.062301483	0.16182216	0.101541825	0.5017106	0.11826298	0.1291735	-0.09660927	0.14150918	0.13658948	0.21410526	-0.52812487	-0.1550431	-0.057469785	0.15536007	0.17289533	-0.32500696	-0.020290755	-0.078446515	0.07224169	-0.43745354	-0.069617175	-0.088263325	-0.0144737	-0.27005982
99	1.8061936	0.007019708	1.4037194	0.1446447	0.1532246	-1.0409802	-0.93659097	-0.4362882	-1.8661721	-0.16438562	-0.8024295	0.2079982	-1.200236	-0.46675387	0.13957681	0.14475389	1.5951595	0.52892756	0.055684198	-0.2191127	-0.16469374	0.7944638	1.4163674	1.5497019	-1.2617527	1.8110822	2.7200155	0.8394496	-0.1411574	0.25074083
100	-0.36169752	-0.2657423	-0.4796813	-0.7054316	-0.6299667	-0.15469255	-0.006810706	-0.03731668	-0.019755714	-0.4317673	0.05223239	-0.08400961	-0.042088553	-0.35226583	0.15115127	-0.2586222	-0.92343843	-0.674236	-0.7586121	-0.5682099	-0.36252207	-0.67551523	-0.492806	-0.62644327	0.9564669	-0.43652642	-0.4649307	-0.5159061	-0.22171794
101	0.5151668	0.12082057	0.17283893	0.16296212	-0.20057447	-0.055692013	-0.015804015	-0.03303029	-0.10287256	0.50796616	-0.04501144	0.1555072	-0.3440805	-0.08641465	0.15179704	0.21054642	-0.8576791	-0.08248556	0.45173085	0.1166079	0.48456964	-0.22539264	-0.10022906	-0.0313866	-0.054124337	-0.15328549	-0.39917144	0.11873082	-0.05523019	0.16387595
102	-0.27986863	0.011331445	-0.21016066	0.69640195	-0.21015304	-0.70432115	-0.41418165	-0.7619559	-0.51878846	-0.2564819	-0.7040485	-0.41095787	1.0777787	0.036741454	0.15849006	-0.041586634	0.32175353	-0.20474102	-0.22658673	-0.4332399	-0.12713996	-0.42550832	-0.21558793	-0.21066587	1.5527512	2.5953164	2.8094091	1.0253763	-0.6518958	0.48869097
103	0.5099244	0.40378264	0.38875347	0.7685791	0.1848167	-0.030642342	0.03304639	0.10321553	-0.14841956	0.31469694	0.05101946	0.38017467	-0.3164397	-0.22354645	0.16173494	-0.08603765	-0.37011793	0.17131907	0.24492685	0.58354837	0.016170463	-0.04867205	0.18000537	0.3595577	-0.22194442	0.44324717	7.99E-04	0.092887364	0.31971958	0.15583758
104	-0.07374071	0.44888082	0.024497323	0.24204387	0.43873465	-0.015985556	0.0687377	0.007238824	-0.27312535	0.47150108	-0.060327683	0.106603004	-0.48201934	-0.3345571	0.16449513	0.006444439	0.12912425	0.06659738	0.030516932	0.32359105	0.15840764	-0.12957966	0.08525838	0.056239523	-0.4202613	-0.15446532	-0.39712036	0.18726927	-0.051192053	0.09285745
105	-0.46401742	0.5157625	0.15311679	-0.23715623	0.57536274	-4.27E-04	0.059054267	0.20231159	0.06803184	0.37482965	-0.075473785	0.34575808	-0.2797898	-0.04734223	0.1847885	-0.057895564	0.59479946	0.6593524	-0.4083714	0.74022454	0.2061454	0.19553703	0.12441291	0.25478667	-0.23014328	-0.079753876	4.27E-04	-0.20268516	0.024716694	0.15567937
106	-0.57777214	-0.36501443	-0.48025048	-0.120969765	0.23147708	0.14964348	0.7655973	0.3586867	-0.219968	-0.32109344	0.15218678	0.25247446	-0.18244782	0.040119126	0.1985732	0.08581783	-0.04536163	0.00378783	0.58016735	-0.283914	0.28625715	0.024237137	-0.23430707	-0.23285145	-0.14522207	0.24718122	0.37202713	-0.144454	0.2980409	0.28393763
107	-0.9656789	0.7472038	-0.2658125	0.788174	0.64698744	0.3454327	-0.19642347	0.29292697	0.48509178	-0.10355857	0.47739276	-0.102119096	1.0844562	0.97950214	0.20180804	0.10764366	0.51636505	0.19066079	0.74088734	-0.19078743	0.48202506	0.32292062	0.2732142	0.23296382	0.07274821	-0.21074241	0.312214	-0.03719864	0.9271789	1.4202408
108	0.2685814	-0.14366949	-0.07501758	-1.5573051	0.2076876	0.29956943	0.20998317	0.4163094	-0.048635706	-1.2527419	-0.041444015	0.12852806	0.4231376	0.36648992	0.20618924	-0.01989328	0.27397084	0.3834882	0.8709113	-0.174092	0.13729031	0.4522835	0.33649027	0.47087488	0.13432996	-0.38346097	-0.20667717	-0.2681906	0.12504163	0.89807886
109	0.31081703	-0.02445602	0.21842885	0.0861912	-0.07861442	-0.13561226	0.010918959	-0.2447691	-0.0560907	0.32047388	0.14201193	0.065137684	-0.119916566	-0.22541852	0.20695898	0.15195346	-0.19291817	0.07976351	0.06332499	0.14487654	0.33501422	-0.04418535	0.07533132	-0.001069268	0.36435816	-0.2192938	-0.35039824	0.103451334	-0.07829504	0.13262922
110	0.39449313	0.1105326	0.221645	0.49677885	-0.11502579	0.08296289	-0.009060826	0.08636183	0.040511206	0.51651776	-0.026121281	0.2726048	-0.19680668	-0.09478353	0.21038955	-0.014966876	-0.72025514	-0.02242211	0.35458905	0.15141338	0.27815124	-0.05219962	-0.08207769	-0.13244133	0.00372473	-7.49E-04	-0.26174742	0.21236576	0.09621053	0.27912742
111	-0.49448356	-0.42676046	-0.68308353	-1.0979651	-0.07068433	0.30071744	-0.38292503	-0.40935647	0.004102006	-0.47199985	-0.004102006	0.046923563	0.1518115	0.104028784	0.21191682	-0.15782748	0.18062502	-0.220486	1.0599197	-0.15259111	-0.018271225	0.22083604	0.2332477	-0.02660469	-0.06842333	-0.1940153	-0.5793529	0.006341822	0.521022	0.016926313
112	1.3565208	0.35150456	0.68256897	0.6691595	0.013970154	0.0943358	0.15090369	0.083641	-0.11709955	0.5802415	0.07424329	0.2786419	-0.14832146	-0.13545771	0.21194954	0.050408155	-0.072241	0.3117217	0.38021192	0.38507256	0.3866588	-0.13175629	0.67666125	0.32965454	0.041560773	0.4769264	0.5206808	0.52694523	0.18900211	1.0487026
113	0.07190679	0.10010411	-0.038204856	-0.41933632	0.054242518	-0.08007261	-0.04397876	0.009427394	-0.14561178	0.24574396	-0.31978092	0.059461888	-0.1914712	-0.2295512	0.23786975	-0.038204856	0.2624075	0.70190954	-0.27135655	0.29424274	0.1934459	0.19477502	0.3611503	0.2823994	-0.1273639	0.16385499	0.6633278	-0.16866046	-0.334344	0.72955704
114	0.3989432	0.54890025	0.19713718	0.42509645	0.14080207	0.21676302	0.58127105	-0.08517598	-0.47120625	0.3409646	-0.006472198	0.15794261	0.16756876	0.49526164	0.25174612	0.14731616	0.006472198	0.09976797	1.291168	0.104170226	0.54451734	0.13778214	-0.015634492	0.011442726	-0.26748526	0.38181627	0.069969065	-0.15225299	0.430524	-0.14736648
115	-0.037682503	-0.17006452	0.116894804	-0.82467103	-0.36317524	0.29442915	0.06348207	0.7903313	0.21397625	-0.37454414	0.08205607	-0.064567946	0.18563794	-0.061702494	0.2546311	0.06276224	0.231908	-0.09544364	-0.33936635	-0.065269254	-0.24890889	0.989127	0.18269476	-0.014739688	-0.11146077	-0.03890695	0.6904157	-0.71343833	0.40775692	-1.8913971
116	-0.12446513	0.8122658	0.44251922	0.033877376	0.26975048	0.35040325	0.5726405	-0.112211406	-0.13530372	-0.16314016	0.32449478	0.46182802	-0.80356437	0.48237517	0.2559153	0.39952153	0.007291436	-0.42130595	-0.85932493	-0.24529596	0.002279504	0.1093358	-0.29698783	-0.07282639	-0.6117431	0.12356689	-0.7041199	0.34539837	-0.08872397	0.37802655
117	-1.1898339	0.20630036	-0.9761379	-1.49869	-0.8652279	1.1503757	1.0902619	1.5898685	1.3892798	-1.2764305	1.0905595	0.34946483	1.6995081	0.8094591	0.29499212	0.4487491	-1.2912167	-0.32009566	-0.09433421	-0.49874917	-0.7113383	0.42449352	0.028059037	-0.6518943	0.5898223	-0.32865936	-0.8850712	-0.9371086	0.57255095	-2.2689555
118	0.57522243	-0.17829244	-0.33665675	-0.087982245	-0.11096448	-0.12697928	0.10345018	0.113946766	0.24424875	0.17635372	0.96151173	-0.047864396	0.11437021	0.14434469	0.3259745	-0.3930881	0.9242033	1.0076015	-0.22965978	1.3796366	-1.0207994	1.8533579	2.3642514	1.2710793	0.15414727	0.43963224	1.382711	0.48111635	0.96438384	-0.4407258
119	0.824102	0.3259391	0.6576938	0.85158265	0.14816833	0.22843975	0.3186723	0.13518055	0.042096894	0.807704	0.2567345	0.3624488	-0.11210804	0.09644706	0.32744724	0.33648887	-0.53584814	0.57749826	0.3807782	0.5688159	0.8114868	0.41511786	0.33287436	0.33803272	0.058590747	0.14141634	-0.07734045	0.25047615	0.24479166	0.1951159
120	0.01193537	8.01E-04	-0.01615634	-0.25326112	0.16160984	0.002786713	-0.024167323	0.31279612	0.13575979	0.50536996	-0.049515873	0.104959264	-0.3296944	0.012388845	0.33154196	0.20523812	-0.42928326	-0.14433117	0.059299383	0.10676549	0.14544804	-0.1916576	-0.31710756	-0.37464935	-0.30293897	-0.393481	0.02922446	-0.2518115	-0.018460551	-0.10639675
121	-0.034997325	0.31135967	-0.02779391	-0.17186838	0.2838458	0.3913759	0.5306293	0.5127023	0.44722638	-0.32391876	0.14425102	0.41489857	0.3896635	0.36600685	0.38927963	0.25350595	-0.34985423	-0.15324302	0.18190542	-0.3454489	-0.15295193	-0.14499152	-0.33893895	-0.3647584	-0.12693426	0.063407265	0.10865349	-0.14885256	0.19601963	0.71053344
122	-1.0649241	0.107198484	-0.3734266	-1.6896098	0.17257786	0.5428896	0.51732093	0.38232392	-4.57E-04	-0.6233664	0.46790442	0.18110234	0.3071695	-0.022994066	0.39047384	-0.15125057	-0.33438516	-0.27523795	1.0491383	-0.31858724	-0.49103388	0.17806312	-0.27995157	-0.32694712	0.19043478	0.83191884	0.12412256	0.2933832	0.6742008	0.8195246
123	-1.3298433	0.59732544	0.14486201	-0.5721823	2.0915875	-0.50805724	0.00461642	0.66197777	0.621221	0.07325578	-0.09996984	0.6941952	0.6197958	0.9359683	0.39945233	0.5937404	0.784874	0.5748444	-0.95712185	0.35902599	-0.03918519	0.13986936	0.19249907	0.08644671	-0.5441255	0.38614234	-0.08787139	-0.42382556	-0.21249887	0.09774223
124	0.35968685	0.08682082	0.37100986	0.047261152	0.03740658	0.008480996	0.09243145	0.10725097	-0.14923497	0.7233065	0.18011525	0.22998919	-0.23209697	-0.12199107	0.40078324	0.30119944	-0.35744548	0.38918605	0.14319508	0.21111648	0.2411355	0.003131635	-0.040151052	-0.173499	-0.02515174	-0.12607317	0.10106225	-0.3737747	0.111062005	0.12596704
125	-0.80766845	0.40750036	-0.58768886	-0.8232351	0.3012056	0.8976787	0.49687743	0.66795874	0.7513015	-0.3368858	0.77553535	0.52731496	0.7094057	0.61688834	0.4117592	0.24806857	-0.9483668	-0.52887017	1.6276044	-0.8058107	0.19961278	-0.27529547	-1.0868626	-0.6029031	0.66727775	0.006428782	-0.4438529	-0.48774782	-0.008430783	0.9055006
126	0.110075094	0.44503832	0.6682513	0.5321532	0.24493612	0.3003068	0.11844824	-0.34271365	-0.3010864	0.42116177	-0.122804075	0.5899475	5.26E-04	0.041820783	0.41631866	0.13498896	-0.007070459	0.44809595	0.13965887	0.49154434	0.53992766	0.14973234	0.43128258	0.38779032	-0.17415929	0.5811796	-0.019042753	0.14294976	0.4736811	-0.018831668
127	0.3667728	0.1748771	0.33444348	0.2245052	0.09897695	0.32043976	0.28001574	0.25352275	0.067794085	0.81743604	0.21141888	0.24882667	-0.27697033	-0.04705832	0.4626705	0.45082116	-0.80846447	-0.010043411	-0.17190684	0.3072222	0.5218043	0.15476614	0.020574115	-0.1639978	0.040679626	-0.10572172	-0.5231885	0.11028861	-0.024640713	0.1989519
128	-0.9687187	0.6022946	0.49356103	-1.2052054	1.0174545	-0.3550489	0.69477874	-0.19056326	-0.34414786	-0.8697988	0.7596145	-0.030628135	0.6489271	0.15392557	0.46347398	0.14112887	0.9904343	0.25927398	-0.28411898	-0.13669863	0.7717975	0.5112855	0.22172162	-0.5464391	1.4387416	0.47689703	-0.7450666	0.047738124	1.0828815	-0.15230864
129	0.3173442	0.05767641	0.15305272	-0.06786653	0.32224908	0.36249548	0.027291149	0.40762344	-0.17106362	0.35184845	0.5948275	0.48094144	4.28E-04	0.15625681	0.49063525	0.37823594	0.5291839	0.14779682	0.06630155	0.4592336	0.2373814	0.26304436	0.117798306	0.10687636	-0.06546612	-0.11467421	-0.46782193	0.046230692	0.2771576	0.64573985
130	0.20537455	0.10112648	0.30587125	0.015637618	0.10363933	0.10114034	0.26858982	0.0926959	-0.012101588	0.31263894	0.17565577	0.29022273	0.3685039	-0.14318398	0.51565695	0.31112102	-0.20177008	0.41210124	0.23442428	0.17221998	0.3698376	0.5057592	0.18131006	0.057097685	0.21082212	0.09957091	0.25673765	0.083626464	0.16666551	-0.05122951
131	-0.10017883	0.68336344	0.20147815	-0.5951859	0.29820943	0.42651847	0.5827179	0.86940634	0.5369055	-0.16269307	0.32889062	0.3554773	0.24299897	0.6158891	0.51567656	0.18647954	-0.26716197	-0.18988816	-0.34627774	-0.561846	-0.35870472	-0.4608566	-0.316492	-0.48260832	-0.066184685	-0.59793127	0.19134575	-0.7044722	-0.46150237	-0.19904104
132	0.20046957	0.43873695	0.6324596	-0.32813063	0.3634197	0.2067533	0.3606003	0.25444898	0.106216	0.80824304	0.89446944	0.29921043	0.083308145	0.010545466	0.5272954	0.46889666	0.7398676	0.35840723	0.034423254	0.7625834	0.7631604	1.1141039	0.3487267	0.37965178	0.2943961	0.20273614	0.15740122	-0.22894795	0.14301878	0.14603595
133	0.9094752	0.27995747	0.49102613	0.27600265	0.5874968	0.12501587	0.25684804	0.01847424	-0.07664693	0.60198766	0.10256969	0.47263998	-0.14308098	0.46481034	0.5406571	0.9835595	0.45746765	0.95664275	0.29537874	0.65355855	0.7901249	0.21047498	0.5596889	0.8590745	-0.18241063	0.5996271	-0.08359742	0.10596886	0.2305816	-0.2965626
134	-0.39097986	0.33442003	-0.8002164	-0.015846526	-0.22428748	-0.8587492	0.18084225	-1.125838	-1.1797962	-0.7789269	-0.9101251	0.34144276	-0.47449353	-1.0001816	0.652756	0.1494642	1.2838031	0.7220344	1.4155304	0.5004931	0.63450694	0.81812745	1.5758046	0.70247036	-0.55511725	0.5252171	0.72795653	-0.67589754	0.9510299	-1.5687928
135	-1.9942337	-0.968849	-1.158104	-1.3714485	-1.25892	-0.2384855	1.024903	-0.7425374	0.5976624	-0.86367303	0.3562359	0.024135282	1.4212719	-0.17785832	0.6618804	0.16298307	-1.2044992	0.036728352	1.0912466	-0.84404963	-0.9897706	0.053356245	-0.039362043	-0.365097	1.6316714	-1.9532901	-0.74599147	0.32385197	-0.7459646	-0.7443393
136	0.49706247	0.69339645	0.71781266	0.4021742	0.42018938	2.8850722	0.11786072	0.6722096	1.4455346	0.30290106	0.38662606	0.6652246	1.8475379	0.76927173	0.68120617	0.52691215	-0.3245971	0.2073298	-0.14379786	0.32857344	0.2624382	0.2096574	0.26880887	0.19928412	-0.45387673	-0.11965228	-0.5573379	-0.06974455	0.23821071	-0.354003
137	1.3338022	-0.07255604	0.9484601	0.23646058	-0.37689427	1.2410244	0.69571203	0.29962054	0.3986055	1.8552464	0.38271743	1.2847769	-0.21626145	1.1193686	0.8212331	0.8907018	0.17774713	-0.55644584	-0.6110713	-1.0703694	-0.10197826	-0.9261406	-0.5745868	-0.4374888	-0.7569282	-0.007313238	-0.32554048	-0.84558964	-0.98744905	1.5816246
138	-2.215154	0.5166736	-0.342999	1.7760513	0.7228421	0.41792735	0.2598028	-0.35414723	-0.93565434	-0.008010144	0.18021648	0.66109836	-1.997135	-0.22760336	0.8539531	0.56157357	2.091047	1.2357819	0.6254066	1.0176914	1.2221774	1.8357733	1.6049695	0.7488461	0.62292904	0.843732	-0.9945737	1.5711933	1.3864614	-1.846502
139	-0.94249725	0.3814453	0.10180182	-1.2062835	0.38380462	0.872868	0.58596194	0.49817237	0.8782411	-0.7611643	1.09834	0.727493	0.640604	0.3441137	0.87174547	0.6284924	0.22524932	-0.30251572	0.2119553	-0.30846438	-1.1054783	0.14151376	0.3564472	-0.22897214	0.74685705	-0.00643229	-0.56833977	0.00643229	0.20897886	-0.1819022
140	0.9823815	1.4755251	1.5164372	-1.0018946	1.9102036	1.4882727	0.27937123	0.8477551	0.23936093	2.9473927	3.6451268	0.9298825	-0.18699042	0.002135149	0.8769195	0.91165227	2.3434439	1.9906006	-0.19559006	3.5406985	3.322827	3.6529255	1.464505	2.1900132	0.14466774	0.63427794	3.7608845	0.4985147	1.9638886	-0.3714949
141	-0.82626307	0.016402528	0.72199607	0.021318113	0.12224638	-0.46838462	0.6565528	-0.548855	-0.18103352	-0.09310733	-0.2199522	0.686828	0.83350927	-0.33319214	0.8795249	0.44439068	-0.006877915	0.44285166	-0.2841384	-0.18785793	0.16727737	0.71217656	0.6179279	0.15386695	0.08988084	-0.7556688	0.45162982	-0.08357988	0.088575915	0.07969913
142	-0.8909607	-0.65461355	-0.98307097	-1.4268001	0.4348734	-0.05452066	0.007145535	0.14932333	0.092419334	-0.055537608	0.9706574	0.5666004	0.003327331	-0.24400176	0.9103503	0.20830318	1.9376391	1.5135167	0.95639807	1.5628523	1.1126292	2.1085763	1.778751	1.6594708	1.4202954	0.54739803	0.3869322	-0.093218274	2.5649097	0.47012183
143	1.2162145	0.60127085	0.80489266	-0.048786867	0.61084586	0.60399836	0.9876512	0.54305166	0.44581684	2.2508862	0.90541583	0.9660134	-0.02107307	0.13964044	1.1454194	1.434438	1.9379846	1.7081896	0.6379576	1.83574	1.6971805	2.257774	1.515814	1.4775827	0.06425017	0.09977424	0.56352264	0.9074942	0.6555734	-0.005819594
144	-1.011043	0.7106839	0.56873035	0.22386338	-0.59317154	-0.5166202	0.3847357	0.13091162	0.031505033	-0.92490715	-0.27362493	0.37501147	1.760609	-1.268738	1.1470164	0.22170159	-0.19165781	1.0424488	-1.4544156	-0.16953959	-1.2941428	0.8341255	1.4039061	0.066337936	1.8839284	-0.9404487	0.2668499	-0.27386302	0.31419003	-1.5464805
145	-0.6831463	0.8428086	0.5365982	-0.9903811	0.774655	1.592666	1.4207963	0.6198618	2.386821	-0.64613086	-0.42714772	0.90310115	1.6483911	0.8080083	1.2709302	0.8142331	0.8458348	0.43783632	-1.1961411	-0.2632119	0.6914988	0.665125	-0.16254583	-0.3184177	-1.2861179	0.6158418	0.59474653	-0.13741069	-0.122421704	-0.1816258
146	-1.2268641	1.3970058	0.04976423	1.9132718	0.8109008	1.448304	1.0178143	0.05133786	0.35688084	0.12993838	-0.013030638	1.3069296	0.069045916	0.6054892	1.3549668	1.0079427	-0.4074789	-0.9645051	0.7489912	-0.5874228	0.71122384	-1.021906	0.57545096	0.06703318	0.93290675	1.6795399	2.102494	0.35330853	0.18276098	0.15945528
147	1.1326284	1.871428	1.3888035	-0.07905416	2.1043198	0.41301593	0.9366858	-0.015131648	0.50403374	1.5417101	-0.21202606	0.7456903	0.24317111	0.788248	1.3740232	1.0033308	1.4591485	0.70783174	-0.25692835	0.881198	0.72108763	1.5169704	-0.8295402	0.400473	-0.7349653	3.2987773	-1.8066485	0.14922372	-0.68660206	-0.39223167
148	0.007248694	0.5324192	0.54276496	-0.6132424	0.92300636	1.0970676	1.2545438	0.7385175	2.9601634	1.4503319	1.3973488	1.6468809	0.7983253	1.0774267	1.4291257	0.4647545	-1.4294438	-0.3413871	1.7291772	0.4901109	-0.1394116	0.7085413	-0.24387814	-0.08974212	0.44990546	-0.5660302	-1.446614	0.528958	1.2981818	-2.3404624
149	-1.1635936	1.1320024	0.18827513	-0.68906516	0.55428946	2.2720544	1.8669922	2.025834	2.5783753	-0.4176695	1.3584822	1.1540743	1.5064888	1.1394293	1.5180265	0.9628028	-0.35476795	-0.9583578	-1.8460307	0.18796471	-1.3745232	0.8411157	0.48694584	-0.55427295	1.5702809	0.6774121	-0.07450813	0.37047	0.89106804	-2.6669598
