Github.com/AlDanial/cloc v 1.88  T=9.11 s (113.0 files/s, 6159.2 lines/s)
--------------------------------------------------------------------------------
Language                      files          blank        comment           code
--------------------------------------------------------------------------------
Haskell                         273           2999           3062           7815
C++                             192           2137           2227           7063
Python                          117           1581           1037           4029
Lisp                             67            936           1249           3054
Racket                            8            427            566           1923
Rust                             37            281            250           1429
C                                32            266            208           1094
TypeScript                       42            346            186           1050
C/C++ Header                     22            266            278           1004
Lua                               7            123             11            794
Markdown                         61            290              0            712
Agda                              8            203            278            669
PureScript                       12            162            122            568
JavaScript                       10             84             19            538
Assembly                         12             60            106            447
Standard ML                      12            111             94            430
HTML                              9             27              0            309
Pascal                            4             64             47            279
YAML                             11             65            378            209
OCaml                             8             56             80            191
Nix                              14             18             77            171
JSON                              8              1              0            164
Erlang                            9             49             35            161
Bourne Shell                     14             37             31            142
PHP                               2             26              2             78
R                                 1             37             21             69
C#                                1             16              8             67
CMake                            17             16              0             52
Scheme                            1              9             40             47
CSS                               2              5              2             38
make                              2             16              3             31
TOML                              5             10              5             30
vim script                        1             10              8             27
Coq                               1             19             15             26
dhall                             2             19            108             22
XML                               1              1              0             17
Bourne Again Shell                2              3              0             12
APL                               1              0              0             11
reStructuredText                  1              2              0              0
--------------------------------------------------------------------------------
SUM:                           1029          10778          10553          34772
--------------------------------------------------------------------------------
